name: grow
channels:
  - conda-forge
  - defaults
dependencies:
  - beautifulsoup4=4.13.5=pyha770c72_0
  - brotli-python=1.1.0=py311h3e6a449_4
  - bzip2=1.0.8=h0ad9c76_8
  - ca-certificates=2025.8.3=h4c7d964_0
  - certifi=2025.8.3=pyhd8ed1ab_0
  - cffi=2.0.0=py311h3485c13_0
  - charset-normalizer=3.4.3=pyhd8ed1ab_0
  - h2=4.3.0=pyhcf101f3_0
  - hpack=4.1.0=pyhd8ed1ab_0
  - hyperframe=6.1.0=pyhd8ed1ab_0
  - icu=75.1=he0c23c2_0
  - idna=3.10=pyhd8ed1ab_1
  - libblas=3.9.0=35_h5709861_mkl
  - libcblas=3.9.0=35_h2a3cdd5_mkl
  - libexpat=2.7.1=hac47afa_0
  - libffi=3.4.6=h537db12_1
  - libhwloc=2.12.1=default_h64bd3f2_1002
  - libiconv=1.18=hc1393d2_2
  - liblapack=3.9.0=35_hf9ab0e9_mkl
  - liblzma=5.8.1=h2466b09_2
  - libsqlite=3.50.4=hf5d6505_0
  - libwinpthread=12.0.0.r4.gg4f2fc60ca=h57928b3_9
  - libxml2=2.15.0=ha29bfb0_1
  - libxml2-16=2.15.0=h06f855e_1
  - libzlib=1.3.1=h2466b09_2
  - llvm-openmp=20.1.8=hfa2b4ca_2
  - mkl=2024.2.2=h57928b3_16
  - nodejs=24.8.0=he453025_0
  - numpy=2.3.3=py311h80b3fa1_0
  - openssl=3.5.3=h725018a_1
  - pandas=2.3.2=py311h11fd7f3_0
  - pip=25.2=pyh8b19718_0
  - playwright=1.55.1=hff8d339_0
  - pycparser=2.22=pyh29332c3_1
  - pysocks=1.7.1=pyh09c184e_7
  - python=3.11.13=h3f84c4b_0_cpython
  - python-dateutil=2.9.0.post0=pyhe01879c_2
  - python-tzdata=2025.2=pyhd8ed1ab_0
  - python_abi=3.11=8_cp311
  - pytz=2025.2=pyhd8ed1ab_0
  - requests=2.32.5=pyhd8ed1ab_0
  - setuptools=80.9.0=pyhff2d567_0
  - six=1.17.0=pyhe01879c_1
  - soupsieve=2.8=pyhd8ed1ab_0
  - tbb=2021.13.0=h18a62a1_3
  - tk=8.6.13=h2c6b04d_2
  - typing-extensions=4.15.0=h396c80c_0
  - typing_extensions=4.15.0=pyhcf101f3_0
  - tzdata=2025b=h78e105d_0
  - ucrt=10.0.26100.0=h57928b3_0
  - urllib3=2.5.0=pyhd8ed1ab_0
  - vc=14.3=h41ae7f8_31
  - vc14_runtime=14.44.35208=h818238b_31
  - vcomp14=14.44.35208=h818238b_31
  - wheel=0.45.1=pyhd8ed1ab_1
  - win_inet_pton=1.1.0=pyh7428d3b_8
  - zstandard=0.25.0=py311hf893f09_0
  - zstd=1.5.7=hbeecb71_2
prefix: C:\Users\Admin\miniconda3\envs\grow
